510,1105,225,551,608,1339,184,18,581,559
449,1260,1569,498,93,1001,1230,1455,806,1351
1336,64,584,904,391,436,22,709,1725,1808
1689,1230,1208,456,1441,1144,1147,1561,1230,1818
689,725,1929,1609,1444,245,1580,874,1983,1495
1562,100,865,1973,1756,1343,471,874,408,522
1351,980,1390,60,1165,1200,897,99,1655,1380
14,386,1517,1072,142,112,1139,100,1352,264
1205,247,866,175,1846,113,123,183,498,248
774,411,1311,1605,1601,306,993,1189,952,382
1832,294,220,1979,572,40,1285,483,799,292
3,379,1868,134,1088,871,443,1683,1199,1171
925,86,375,1879,1970,1665,1675,1715,1602,147
849,1271,533,37,1432,1235,1943,1928,211,1645
922,564,1596,1368,1678,1041,1693,978,1643,1446
1541,1078,976,1568,867,1728,1012,441,1683,1852
645,1391,1538,1069,942,196,558,453,710,986
1570,999,793,1771,1122,1817,1494,1074,861,1310
943,1072,546,1799,539,217,474,1525,1145,1781
72,891,75,1252,1499,1034,1915,696,1402,1078
352,248,1347,276,1008,287,1241,923,1485,565
1444,981,860,436,1294,1119,1201,1279,1516,1952
947,1706,904,365,616,10,346,1835,779,73
306,1748,1220,84,278,1534,181,324,859,653
683,541,119,214,952,1698,511,1432,1913,1947
1215,417,632,1233,725,1834,1718,1156,1146,731
384,1130,1546,1880,1577,1974,1823,867,1700,619
1477,1281,1393,709,1561,1011,1400,1769,553,242
486,835,251,822,1338,543,1451,787,1245,1832
1835,412,261,1969,268,202,460,358,1177,271
539,1896,185,1892,44,1016,1153,1267,1927,665
1532,165,16,1354,1120,1172,1622,1249,172,1795
378,212,847,1977,602,1526,808,656,1001,1000
575,285,1312,1534,1879,166,1977,1606,1044,1231
183,333,1446,674,1962,1324,180,1999,181,1167
1153,1242,1063,1325,574,1034,642,1962,1810,1397
1367,1148,218,489,1602,343,1023,255,1769,59
1094,105,1264,592,1793,1878,122,465,878,1056
852,1863,253,1361,1196,1181,1452,48,1564,65
1289,1458,269,1056,1769,882,1114,1215,297,1655
1296,1476,198,824,1888,1884,1059,222,1240,680
1359,127,285,1206,1099,1312,1660,815,522,1694
1272,1721,337,1502,1457,904,1718,1769,892,493
1891,1869,393,1168,1154,1680,1579,1097,1688,1163
418,1969,635,1104,52,1066,636,739,393,1876
1419,1718,633,1168,894,1108,905,417,608,96
473,1572,436,1024,1293,1361,1505,882,967,108
239,1027,503,166,1043,735,220,1913,676,42
1215,356,1786,1440,745,479,220,249,1597,1363
901,798,1407,1993,1875,1158,540,942,1975,1198
918,268,1112,710,1660,1734,1050,1714,319,229
1324,62,369,1943,1699,814,1946,87,474,1593
1541,1879,425,693,746,226,1421,1384,1405,1236
701,603,155,1774,1187,888,624,1958,751,141
1325,592,1828,910,1746,601,583,567,1948,139
833,666,1414,827,1868,803,1701,268,1945,273
1684,935,1116,436,1337,1667,1824,1371,1288,1578
1666,1297,627,252,414,808,1279,1819,1721,185
513,51,333,618,1308,781,511,1222,804,476
1227,1685,1245,1453,145,721,178,1800,1264,488
1165,1119,1976,1566,814,281,1677,387,1971,210
1082,1709,341,1388,1334,521,1170,1509,1119,1717
1740,696,516,20,1868,174,1897,693,1868,1397
530,893,794,1687,1622,859,123,838,1441,1468
637,109,148,1845,970,515,1170,312,969,1302
239,355,1369,1542,1514,596,571,1639,1279,1033
1880,1326,805,86,835,850,1656,1250,1776,653
1292,662,1966,757,1944,239,382,1478,398,1324
959,1797,805,1409,1976,991,886,1611,791,236
1279,237,1242,1460,1729,1413,787,135,1985,296
1090,1977,309,449,778,488,1654,1902,805,40
1295,1080,763,539,910,1571,1354,996,1318,1929
1088,1414,323,1347,494,149,416,1511,1803,1941
1443,1999,1517,955,1569,788,637,1485,1991,248
1045,576,1743,1248,1766,7,268,1663,1307,935
1988,830,702,473,1828,442,1343,314,217,1314
438,930,1372,355,1117,3,1142,915,73,581
212,1528,589,1660,1198,379,340,1237,1237,1510
220,1637,1062,1534,298,285,296,1865,1135,1117
128,201,1665,1869,1800,537,953,1671,1924,856
810,357,1195,216,901,350,1817,1791,1493,535
897,720,671,365,412,278,1105,1166,1326,1508
732,114,599,199,1800,1198,66,1166,1047,1797
1528,1044,906,980,1526,1803,108,1710,520,1457
1256,672,846,387,1765,1879,1611,70,1924,814
1544,352,720,1792,570,443,903,1771,1081,1877
1866,418,1117,199,1347,966,766,816,61,511
1946,1811,1486,89,1329,753,1580,73,1393,1067
385,1351,849,1115,246,1048,729,1493,1040,1910
278,937,859,1545,815,530,1065,310,119,536
1393,1825,250,624,551,137,1424,288,1781,501
188,209,49,358,1434,873,1743,1212,661,1856
1051,1492,581,678,567,348,658,509,460,138
1061,1473,636,421,1793,53,1301,649,228,599
1723,1124,1308,1021,1654,1910,1950,804,622,1184
970,369,1914,1813,781,862,152,813,457,407
787,1195,1872,1258,996,1924,1175,773,1304,1272
1343,600,916,204,1390,1525,828,1220,133,1597
1483,269,481,782,1669,15,619,334,551,1004
1041,426,1528,110,1220,1361,528,377,564,1302
696,1790,1519,1003,1150,1412,1518,190,1761,1592
300,143,1482,864,653,1291,1991,647,889,467
1173,485,1488,1996,913,1105,374,1540,1512,1202
525,108,212,1624,1428,437,1563,469,1207,225
89,884,1364,972,1769,1545,392,1481,1567,1032
1510,27,927,1789,1442,457,1985,1386,228,1676
486,1795,425,276,38,742,1605,1649,1958,1842
885,394,198,781,1350,1782,849,1656,1698,997
1376,187,1648,1855,878,1713,1458,587,102,556
719,615,351,1835,876,805,997,619,933,1306
1473,913,328,1428,235,637,1618,1047,652,1835
790,204,1332,1237,1630,1218,714,651,1261,1020
1367,1991,1789,687,650,1821,147,1664,461,1949
1409,665,1034,1873,493,1819,1182,1621,1160,395
885,595,1406,250,686,1184,1821,1114,1207,223
40,125,308,1462,752,666,388,526,1200,595
662,597,1907,1293,1094,1707,865,1362,897,793
849,93,1082,1667,1124,885,1499,468,71,842
541,1011,1360,797,792,1809,79,913,1028,623
395,1523,74,1500,797,67,1893,770,816,1388
1644,1263,1619,1671,1031,1065,1528,1078,217,184
860,180,1498,645,1316,1433,1118,1984,920,805
1776,162,241,1105,1902,359,368,1511,902,591
783,1555,1051,1959,1445,674,996,1961,1103,613
1539,1811,652,1099,801,376,1036,470,1611,212
794,1068,1093,661,1664,644,1989,1058,1402,1188
1618,219,798,1239,269,808,1710,103,1745,566
1511,1652,831,722,121,1098,1925,1514,105,311
755,677,362,1514,169,98,1358,1204,440,2
433,588,511,828,328,1106,808,1715,920,568
1581,1493,42,985,649,550,1870,1977,1918,1102
1899,21,1848,1390,604,484,959,1859,1581,1742
656,97,1308,1946,24,487,464,820,904,85
1343,1336,1866,656,1080,309,793,1,667,1810
878,1207,328,1676,191,1913,1411,1082,119,262
1668,1053,1843,1479,294,1872,1118,416,1482,1668
1538,1460,1590,1909,1263,1638,1514,439,1014,1601
335,1415,1155,64,1719,1457,1991,652,400,1836
1724,1563,881,714,1949,352,1925,192,855,275
1980,576,516,1326,1142,721,1071,1496,338,1010
1029,1386,1504,564,1994,378,1928,1498,1504,810
1769,1114,458,461,1108,3,232,1087,737,348
1177,794,129,1423,1031,633,103,677,1884,1151
310,124,1535,1250,662,1400,609,1665,35,1213
400,1561,1343,1182,861,1251,1161,1106,1659,429
814,676,1431,1321,984,1087,1062,1916,1254,1040
1498,1216,1285,96,143,879,1803,1786,1078,1979
1652,1483,839,698,1776,575,1082,714,1302,980
1580,210,782,903,130,1004,864,1093,1454,1390
638,256,1633,482,873,1524,1086,694,189,823
1069,1100,635,1431,1654,1525,1425,1246,1756,70
180,971,1630,1713,790,1153,34,1594,29,586
224,1781,1579,564,1227,1496,1602,1492,589,1603
273,1598,1705,1463,1638,1292,286,252,360,694
1358,1469,1012,276,1773,247,957,1645,1853,167
991,103,1272,1674,1863,1009,514,51,137,1023
380,146,1902,278,382,695,739,829,1163,734
991,178,888,1177,518,185,1324,1463,1275,1479
296,1597,121,733,1796,296,340,1563,1303,1050
110,1887,1734,1614,1187,397,558,735,1730,1610
1702,1368,1263,1008,1008,1345,397,1490,112,1634
1122,265,711,980,1226,864,391,1785,1634,379
1860,1446,1995,1755,1639,1389,654,486,1058,248
1394,221,449,707,1064,514,1761,260,1389,1642
1166,235,1305,899,405,20,943,451,425,1276
1631,1282,1210,1928,908,1065,808,701,1087,33
1759,658,775,85,856,559,359,575,1406,1792
1978,1308,285,1946,1933,1893,1938,1855,1913,1031
2,1499,51,379,1241,1813,815,103,890,1090
1731,1167,843,1335,1391,786,1689,1186,171,1213
1226,1481,369,1173,1441,50,1231,326,115,1521
1980,470,1452,1351,694,1343,754,1677,1259,1711
1056,1470,741,723,1034,1675,1755,336,1593,766
960,1942,1684,1241,1114,1943,1570,1005,1383,170
1603,1734,1469,1623,313,114,930,1999,691,1468
456,173,1143,39,1125,901,1628,711,1894,664
997,733,354,168,1390,1165,1797,95,1041,1680
1802,739,1915,1950,853,1374,859,428,1908,744
1150,1371,531,1303,1673,1439,669,796,148,1657
1691,1196,1850,463,1463,1301,1194,668,415,354
1478,1579,448,807,721,1454,1804,460,1551,260
1172,736,748,245,909,748,1405,1873,1829,1760
494,413,176,537,773,1164,755,1367,1566,89
1333,174,1281,516,1552,233,1470,1925,592,1374
167,1544,362,664,1469,116,1909,876,304,1468
1252,412,91,305,861,1960,1086,1881,1696,875
1322,777,1447,697,1388,570,1081,12,1570,760
1460,1104,695,244,1891,1190,623,1221,542,1960
1782,458,1322,1769,1569,1925,143,1603,456,798
1965,1284,768,189,1412,372,364,466,643,881
1539,969,1255,1861,219,387,186,1865,1660,314
1163,304,44,799,780,684,927,1527,1645,653
1857,1564,1822,95,1182,1866,19,1653,1142,629
1161,202,1602,685,919,782,1831,1147,1144,1790
34,589,1492,1472,101,547,1286,1586,573,495
242,475,1627,1590,458,304,3,659,1399,622
1726,1062,767,1090,1669,795,61,447,1593,818
969,183,1235,1373,32,750,417,625,884,1417
1690,811,1151,1788,1728,263,910,1170,893,288
419,210,1061,110,157,871,255,1660,932,1743
